	v219	v220	v223	v224	v225	v227	v229
v219	0.0	0.8854188937417916	0.9221893594070776	0.8397607960231926	0.8311668546301677	0.8631852983218783	0.8626762219246145
v220	0.8854188937417916	0.0	0.8053105942856837	0.8315008431416583	0.791476651090876	0.9026505040567477	0.9055949874089129
v223	0.9221893594070776	0.8053105942856837	0.0	0.6396773407295547	0.5839979705022773	0.7886936144780594	0.9484994957582966
v224	0.8397607960231926	0.8315008431416583	0.6396773407295547	0.0	0.6558408559789275	0.6287613519052839	0.7782696655778486
v225	0.8311668546301677	0.791476651090876	0.5839979705022773	0.6558408559789275	0.0	0.7393489823839844	0.9373508764042875
v227	0.8631852983218783	0.9026505040567477	0.7886936144780594	0.6287613519052839	0.7393489823839844	0.0	0.2612802875761403
v229	0.8626762219246145	0.9055949874089129	0.9484994957582966	0.7782696655778486	0.9373508764042875	0.2612802875761403	0.0